site4235_l1 = [3     2     1     1     1     2     7    10    29    32    42    49
4     2     2     4     1     2     3    16    17    26    38    57
4     1     2     1     0     3     9    12    36    23    33    52
3     0     0     1     1     4     4    24    30    25    39    56
3     4     2     1     0     2    10    14    18    27    39    66
4     3     2     0     1     5     7    20    36    32    33    52
5     5     2     0     2     2     6    18    26    22    39    45
5     1     0     0     1     3     7    22    25    31    39    51
2     1     1     0     4     4    11    19    15    24    52    33
1     1     1     0     4     3    14    23    41    27    43    53
1     2     1     4     0     3    13    13    26    37    39    53
1     2     1     0     0    10    12    18    31    48    48    48
48    40    48    60    60    90    72    44    23    15    11     6
53    43    45    64    93    96    66    41    16    17    14     9
49    40    55    64    80    95    60    37    27    16    11     6
59    46    29    61    78    95    56    28    25    24    12     6
50    53    55    72    82    97    70    40    27    15    13     7
60    56    44    45    95    93    80    26    22    16     8     7
48    44    56    51    90    79    59    36    24    24    11     5
36    46    53    62    83    90    43    28    25    19     8     6
54    37    56    52    98   108    47    35    30    15    10     8
44    51    62    75    97    80    54    33    16    14    14     4
58    42    49    65    92    64    36    34    20    10     5     5
46    45    65    75    91    77    50    33    19    14     8     1];

site4235_l2 = [6     1     1     1     3     2     2    14    20    23    39    33
2     1     0     1     2     5     7    11    16    25    23    31
5     1     3     2     5     3     2     6    20    19    34    30
1     2     3     0     0     4     5    18     9    23    23    37
5     5     1     2     3     1    14     5    15    22    29    43
7     3     2     1     5     0     5    14    16    33    27    37
8     2     0     1     0     4     4    15    16    16    30    38
3     1     0     0     2     7    13    13    23    21    34    37
1     0     2     0     1     3    12    17    13    25    28    31
0     2     0     0     4     7    12    13    29    34    41    42
4     1     2     0     2     3    11    14    19    32    29    38
2     2     0     1     1     9    12    14    23    33    39    33
43    29    37    39    51    56    36    43    25    21    14    14
34    30    32    45    58    53    48    34    32    30    11     9
39    43    41    41    44    49    63    38    29    19    12     8
40    42    31    49    60    51    41    33    25    29    10    11
52    36    43    43    57    70    46    30    30    16    15     2
40    44    40    49    49    66    47    35    17    16     9     4
52    36    45    32    43    57    45    38    22    17    13     5
35    43    44    47    43    61    41    31    24    14     9     5
39    34    45    39    57    53    45    34    26    15     6     9
31    45    34    44    44    49    48    20    27    11    10     9
36    33    35    38    52    44    44    40    18    11    11     4
37    38    33    57    59    54    35    35    21    10     7     5];

site4235_l3 = [2     1     0     2     0     0     4     5     9    20    10    20
1     0     0     0     0     4     3     6    10    17    18    25
2     0     0     0     0     2     7     5    12    13    18    18
0     0     0     0     0     2     5     7    12    13    22    20
2     0     0     0     1     3     7     8    13    19    18    24
2     1     1     0     0     3     8    12    14    12    16    23
1     0     0     0     0     5     2    14    22    17    15    26
0     0     0     0     0     6     4     6     9    16    19    27
0     1     1     0     4     4     9     6    14    12    15    15
0     0     0     0     2     5     9     8    16    27    23    28
0     0     1     0     3     8    10    17    11    14    22    23
1     0     0     1     1     4     9     9    13    14    17    20
21    23    23    22    40    43    38    23    15     6     5     5
17    23    27    33    50    55    42    20    11    17     5     3
27    21    29    43    34    49    37    28     8     7     7     3
26    24    25    38    36    51    24    18     7     9     7     4
22    36    26    41    36    54    25    24    12    12     6     0
22    23    21    36    44    50    34     5     7     9     3     3
29    24    28    25    35    44    24    13    10     8     5     2
26    26    37    28    45    41    27    18    19     9     1     2
22    29    30    31    43    48    20    14     8    10     2     1
19    28    18    34    45    45    34    15    12     9     9     4
19    30    27    33    36    36    22    13    14    13     3     0
20    23    25    43    47    37    18    14    11     7     5     2];

site4235_l4 = [0     0     0     0     0     0     1     4     3    15    11    11
0     0     0     0     1     1     3     3     5    12    15    23
2     1     0     0     0     0     3     5     9     8    10    13
1     0     0     0     2     1     0     6     4     7    15    22
0     1     0     0     1     1     1     2     4     8     9    13
0     0     0     0     0     1     0     9     9     6    17    12
1     0     1     1     1     1     2     6     5     6    10    24
0     0     0     1     0     0     1     1     5     9    17    22
0     0     0     0     1     1     6     7     6    13    14    22
0     0     0     0     0     0     3     4     6    12    11    19
0     0     0     0     2     3     4     5     7     6     8    22
2     0     0     0     0     0     5     4    15    12    17    31
28    20    17    23    19    23    22    16     8     9     2     4
31    24    22    24    25    33    20    12     7     7     5     3
22    20    16    21    16    30    10     9    10     7     4     0
23    17    17    17    24    23    28    18     6     8     4     2
25    23    16    22    21    32    19    14     6     7     2     1
20    25    12    17    20    23    22    10     5     5     3     2
33    22    16    20    21    19    17    20     4     7     7     2
24    27    16    21    24    18    21    14    10     8     4     0
18    24    18    22    36    18     7     9     9    11     5     1
24    18    11    19    27    16    17    12     4     6     4     0
30    13    17    17    27    27    10    11     6     8     2     3
21    27    17    21    25    12    10     6     8     5     2     0];
  
